# Scenario Name
dfd_6x_v18c_141_129_v4_32x32_
# Stopping criteria
80,400000
# Training/Testing input files
/dfd_dnn_rw/inputs/rw4/6x/dfd_rw4_141_129_v3_train_left_6x.txt
/dfd_dnn_rw/inputs/rw4/6x/dfd_rw4_141_129_v3_test_left_6x.txt
# Number of crops
48
# Crop sizes: [training], [evaluation]
32,32, 624,624
# Cropping scales/expansion factor
1, 1

# v14
#a 256,128,128,128,128,256,256,256,256,512,512,512,256,256,256,128,128,128

# v17
#c 256, 64,64,64, 64,64,64, 64, 128, 128,128,128, 128, 64,64,64, 64, 64,64,64
#d 256, 32,32,32, 64, 32,32,32, 128, 64,64,64, 64, 32,32,32, 32, 16,16,16

# v18
#c 
256, 64,64,64, 128, 128,128,128, 256, 256,256,256, 256, 256,256,256, 256, 256,256,256, 256, 128,128,128, 128, 64,64,64

#d 256, 32,32,32, 64, 64,64,64, 128, 64,64,64, 128, 64,64,64, 128, 64,64,64, 64, 32,32,32, 32, 16,16,16

